0101100001001100

0000111000111101

0101100000111010

0011111100011001

0010010000100111

0100111100001111

0101101000001000

0000000100011111

0000110000110100

0011001000001011

0110001101100011

0100100101010000

0000110101100100

0110000000010110

0000110101011111

0101100000101111

0000100000111011

0000101100011100

0011111100101000

0010011000100010

0000000101010010

0101011000010010

0101001000000110

0010000000011000

0001000000001110

0101010101010110

0010011001100011

0110001000100001

0101111000010001

0001000101011100

0000001100111011

0100000101000101

0000101000010010

0000111101000100

0001000001000010

0011110100100010

0101110100001011

0101000001010100

0001001000111100

0000101100001000

0010100000000100

0011011000111000

0101101000001110

0011100000001000

0011000100000001

0100000101000101

0011001100000111

0011111100010001

0011110100001100

0101010100101100

0100010000011100

0101101000111011

0010010000101001

0000001000010100

0100101100101111

0001100000000010

0011101001010101

0011101101010000

0001111000110110

0100001100101000

0101110100010000

0001110000010111

0010110001001111

0011100100000011

0001011100010010

0011100000111000

0010000001100001

0101111100110011

0100000000110011

0001111000011101

0110001000010110

0110010000110100

0000001000111110

0100110000101110

0001100100111100

0010101101010110

0100010000100101

0100110000101111

0001101101010110

0001000000111001

0101110000011100

0100101100101110

0011011000010111

0010001101011010

0001000101001110

0001000100111011

0011011000000011

0010100001100010

0000110000101101

0100100000010110

0100110101100100

0100001000010001

0010110000110010

0101101000111110

0000110000001111

0101010000001111

0011001000110110

0010100100000001

0101011000110000

0101001001001000

0000110000001101

0101001000000010

0011000101001101

0101110000010101

0100001001000000

0000100000110110

0011001001001011

0011111100110111

0010001000010000

0101110101011111

0011010100011101

0100001000100010

0011011101000110

0010001000111100

0001000001100000

0000111000110001

0001001101011001

0101100000110000

0000101100011110

0100000100001110

0100111000001001

0011111100010111

0110001001100100

0101111001010010

0100111000010101

0000010100011110

0011010000111000

0001011001011010

0011000101010010

0101000100101001

0011111000001110

0011011000011101

0001100100011111

0101111100110001

0010010001010000

0100100101010101

0011100100000011

0101011000000010

0001000100111001

0100100000110100

0101010100011010

0101111100111101

0000100001010110

0010001100100010

0001101001100100

0011110000011110

0010101100001000

0010110101010011

0001100000001000

0000010100110001

0001101000011111

0011000000111101

0101111100111011

0110001101000100

0010001101001101

0001000000111100

0000111001001000

0011110001010011

0000010001000010

0001000100010000

0010110000100000

0011011001001001

0010011001010011

0101000000001101

0000000100110011

0011001001010000

0101001000010101

0011101100110001

0100110001100001

0100011001000111

0010110001000111

0010001000011001

0011101000100010

0011010000111001

0011110001100100

0011110000011110

0000001000101001

0101111000110100

0011010100001011

0000100100001010

0000000100011110

0011011000001010

0101000100000111

0010111000100100

0010111101001111

0000010000000110

0010111000001011

0000001100010011

0010100000000101

0110001100101010

0101100000001011

0100111100111101

0010011000110011

0100101001100000

0000110001001110

0000101100011101

0001010100100011

0100111001000101

0011001100111001

0100100001000001

0101100001001001

0101101001000100

0011010000011111

0010101000110110

0001010000100011

0001011001000001

0001101000101100

0000110000011100

0101110000011011

0101000100010110

0100101100111001

0011010000100001

0000111000010111

0110000100101011

0101111100000110

0010000101010011

0010010000101010

0010111000000111

0101101100110110

0000001000111101

0100100100101011

0010010100101111

0100001000000110

0101000101100100

0001100100000101

0100111000101100

0000000100010000

0100010000011101

0010010100000011

0100110000011010

0010110000010001

0110001000101101

0101001100111011

0110000101001010

0000110100000110

0100011100010101

0101111000100011

0100001000101100

0001101001011110

0010110000011001

0001011001011110

0011011001010100

0011100100011001

0001001000011001

0000001100011111

0110001001100010

0100000100011011

0100011100110000

0001110000010010

0011100000110111

0110000100011000

0000001001011110

0011000100010100

0100100101010001

0011100001010010

0011001101010000

0010111100111001

0000110001010001

0011000100110100

0000110100000111

0010010101011100

0000111000100001

0010100101010000

0001111000011100

0100000000011001

0010111100000110

0010101000111011

0000001001011000

0001011100011111

0101100001100010

0000001000110111

0001000100111011

0110000100101111

0000101001010110

0011000000000001

0101011001000111

0010110101100000

0001110100110001

0000011000010110

0000000101010011

0001100000011000

0001111100011010

0011000001010100

0101111000001010

0000011000110001

0010101001010001

0010001000101011

0011010000111001

0101010000001110

0001100100110100

0011101000010101

0101110000010111

0001111101100001

0011001100111110

0010010100110110

0001010101001000

0001001000110010

0000010001100011

0100001000100101

0101100100110101

0110001100111001

0100110001010110

0000010000110110

0011010101001100

0100010000000101

0011011101011100

0010011000000111

0000101000000001

0101000101000010

0011111001000110

0000010101010001

0100000101011000

0010101000110101

0101011001000000

0101011100111001

0000101100101101

0001100001010101

0011001000011000

0011010001000001

0001001100011100

0001111101010010

0001010000111001

0001110001000100

0000001001100011

0001100100010010

0101110100001010

0110010001011110

0000100101011001

0000011000000001

0001100000110001

0100010100101100

0010000100101001

0010001100101100

0000001101001110

0100001001000110

0100100100000001

0101000001100100

0001010100100010

0010111000101010

0000111000110111

0011011100101101

0001101100000011

0001010101000100

0011011100110110

0011010100101110

0100100100100101

0001001100110010

0011001100000001

0001011101010000

0000100101011001

0011010000000001

0010110001001011

0010100000001010

0000011101001001

0011100000101001

0101110001000111

0100100101100100

0010110001010001

0101101000000011

0011011100001101

0011101000000111

0100111101000110

0011000100111010

0101011000111101

0100101000100001

0100101000000111

0001000101011101

0101000001011001

0011100001001111

0010011101010000

0101011000110001

0000001001010011

0100011100100100

0010000101001000

0100001100100101

0000111001001010

0000001100110011

0110001001100011

0100000101100011

0011101100101100

0010100100010111

0010101100110011

0000011100001000

0101100100100111

0001110000011010

0001110101000110

0001010100011001

0010110000100110

0000111000110011

0001011001100011

0101000101100001

0101001000111101

0001110101000000

0101100100010111

0001100101011100

0110001101000000

0001100100011011

0001001100101110

0100111100010111

0101101100000111

0101010101010010

0110000101001101

0000010101000110

0010011001000000

0011111100100101

0010100000101001

0100011000011100

0100001001001011

0010100001010101

0001111101011011

0110001100011100

0000010100111101

0000111101010000

0100110100101000

0101111000101011

0101011101100100

0001101100111001

0000011001010010

0011011100000100

0011111101100001

0100101101010001

0100001101000111

0011011001001000

0011010100101110

0001000100100010

0011010101000011

0100110101001111

0011011000111100

0100101000111001

0001001100111101

0011001001100011

0001001000100000

0011101100110010

0000100101010011

0010000001010011

0000100000010100

0011001100101101

0000110000101001

0011000000110010

0101111000101111

0010101001100001

0101111000000100

0010111000011100

0110001000000111

0011000000100110

0001001000010100

0110001100111111

0000010101000001

0001100001000000

0011100100111101

0000010100101000

0100100100010001

0000101101001001

0000001101011001

0001010001100100

0110000100001110

0000100001100000

0001101101100000

0011010000110100

0010111001001001

0110010000111001

0000101101011011

0011001000010100

0101011101010000

0001100000000001

0000010100000011

0010000000101000

0010010000100110

0101011001011000

0010001000000001

0011011001000110

0001111000010101

0011011000111100

0001000101100011

0100000000101001

0101100000001001

0100110100101100

0010111100011100

0101001100111001

0100111100001100

0100000101011011

0100000101001101

0000100101000011

0010110000111101

0001001100001001

0101110101000011

0110001000100100

0000010100001000

0010100000000111

0101101100011011

0100011000101011

0101111101010001

0010000000100000

0101000100011110

0100100000011000

0101111101010100

0001011100100110

0100110001100001

0010010100001101

0011101100010001

0001010001100100

0100011000101000

0001111001000110

0100011000110110

0001100100001001

0011100100101010

0001000101000101

0000100101001011

0101100100111000

0001001000011110

0001101000110011

0101011100011111

0101111000111111

0000110000110100

0010011000110000

0010100101010011

0011010100111101

0011001101001101

0101110101001000

0100010000110000

0100001000011110

0011010100000001

0001011000100101

0001101000001100

0000000101100000

0011010001010000

0100111101100010

0101010000110111

0010001100110101

0001010100000110

0001101000100001

0100001100111111

0000011000011010

0001000001000110

0000000100001011

0000011100110111

0001110000001101

0011111001000000

0011000101001011

0101111000010010

0011001000101110

0000010100100011

0110010000000101

0001010000101011

0100100101010001

0100110101000110

0001100100101000

0000100001011110

0010110000000101

0010010000001110

0101101001010010

0011000100011001

0110001000000110

0000101100100111

0001100000101110

0011000000000100

0011111100001000

0100010000101001

0010010100101011

0100001100011001

0011011100100101

0010111101100100

0110001100110000

0001000100001110

0011011000011100

0010101101000011

0101111100010110

0010001101100011

0100111001011101

0110000101010100

0001111101001101

0000101000100011

0011010101000101

0101101001000100

0001001001011000

0011101001100100

0011111100100010

0001101100101011

0000110100001110

0110000001010110

0001011000010001

0011010101100011

0101000100001001

0101011001000000

0011100000111111

0100000001011101

0010110101001010

0010010101000111

0000010001100010

0101101100000101

0101000000111010

0001001000100111

0000011001010000

0000100101001000

0010000000010110

0000001000001001

0000101100100011

0101011001010000

0001111100101001

0100000001000111

0101000000000111

0000010101010101

0101001100000011

0101001100100010

0100010100111101

0101010100101100

0001001001011100

0101101000010000

0011011101000010

0010111000001111

0001001101010110

0011000101100100

0110001000111101

0001011000000010

0110010000011010

0110000001100001

0010011100101110

0011110001000000

0101110000000011

0100110101010100

0100001100101001

0010000000101011

0001110101100001

0101110101001011

0110001100000001

0101110001010010

0100000000111110

0011000100011000

0001010101100001

0010000001010100

0000111001001011

0100001100100110

0000010000110000

0011001000111000

0101011100001001

0000011101010100

0001100101001001

0100001101000010

0000100001001001

0100101100111010

0010111101001011

0010011101011001

0011010000001010

0001001100010010

0110000101001111

0011011000100001

0001110100011111

0101000001001001

0001000100110100

0110000000001110

0100101101001110

0001100001001111

0100101100110001

0110001101011111

0011000000110101

0100001000010010

0001101000000101

0011000101010000

0100110101011110

0000011001011101

0000110100111011

0010100001001110

0011010000010001

0011001001010000

0110010000110110

0101010101000000

0011111000011001

0001001100010010

0001001000010110

0001010101011111

0001011000000100

0010101000100101

0011100000111001

0100111101011001

0001000100110110

0100010101000101

0101010001010000

0011110100111011

0010100101001011

0101001101001111

0100001001011001

0101001000010101

0000010000110111

0000111001100011

0010001100000010

0101001000001001

0000000100111001

0001011100110111

0110010000001110

0101010101011010

0011101100110000

0000101001001000

0001000101001110

0100010100101100

0101000100111110

0100101100110101

0000100001001001

0001001000000100

0101110001010100

0101101101011111

0100110000000101

0001100100110011

0000000101100001

0000011000100010

0000111000100011

0011010100101010

0101111101100011

0010000100000011

0000110001000011

0001110000010111

0001101101000110

0101111000011100

0110001100011010

0110001100101000

0101101100111001

0011110100011010

0000110000111101

0000010100101000

0101100000101110

0000001101010110

0000110101001011

0011110000100101

0100101100110010

0100011000111100

0001011001010011

0101101000111010

0100011000011001

0001100001000111

0100110101001101

0100111101011100

0001010101000100

0011001000111110

0101101001010100

0000010000011110

0001110101010011

0100101100001001

0000100101001011

0001000101001100

0000000101000000

0010100100101110

0010101001001100

0011010100001011

0001000001011110

0000101101010100

0101101100010000

0011001000000101

0101111001001011

0011001100110110

0000000100001011

0101011000101111

0011010101011100

0001010001011100

0010010000111100

0100011101000100

0100110000001111

0000111100111010

0010011100010001

0001000000110000

0011110101010101

0110000100110101

0101101000011100

0011011101000100

0100010000001111

0110010001001110

0000001101001100

0000110001100011

0101000100100111

0101101101100011

0100110001001101

0010100101001010

0010101000101111

0001001001000101

0000111001010101

0000101000111110

0001010100101011

0010001000000100

0100101000010011

0000101100010100

0100101100000001

0000000101100011

0100001100101100

0100000101100000

0101010001001010

0001101100011011

0000101100101001

0101001100110111

0101011100001000

0001001101000000

0001111000111001

0101011001000010

0001111001100100

0110001101010011

0110001000110110

0101001100110110

0100111001001110

0101110001010101

0101111000111011

0100001000011000

0011001100101010

0001001100101100

0000111000111011

0000100100111010

0001110100011000

0000101100011000

0011100000010101

0100111100111101

0000111000111011

0001100001100011

0101011100010101

0010000001100010

0010100000101000

0000011101001010

0001010000011001

0011011000100101

0100100101000011

0001011100001111

0011110100100000

0000110000110001

0001111100111000

0000100000000011

0100111001011111

0000101100110101

0011111100111111

0000010100100010

0100111001100010

0011001100000111

0000111100001010

0010010101001001

0001001000001010

0000101000110100

0010110101011010

0011001101011001

0001101101000000

0000100100111110

0100011000001000

0110001100111000

0101001000101101

0101100000111001

0001111000001001

0000001000010111

0100100000000110

0000011100100100

0010100101001101

0100111100010111

0100101101100011

0001000001000100

0101100101100100

0101111001011111

0101011000010000

0001001000100101

0010100101010000

0011010101011111

0011000000011110

0000100000101101

0011010100100001

0101000101000101

0010110001000000

0011111000011000

0011111001001010

0100010001000001

0000100000100111

0011000001001101

0000110100110010

0101110100111010

0010101001100000

0000010101100011

0100000001001100

0011010101000101

0010110100010101

0001111100101111

0001100100110110

0101111000101111

0010010100001000

0011101100110010

0001000101000001

0110001001100100

0100101100100100

0011000100001000

0001100100111010

0010101001001101

0101110000100010

0101011101011101

0011101100010100

0011111000111100

0001101001010011

0010110000101000

0101011000110110

0101101000110001

0011011000101101

0000101100111110

0100001100011000

0110010001100011

0001000100111010

0110000101100100

0101001100111001

0101000101011000

0010001001100100

0100001101011011

0100110100011101

0001110000010011

0000010100100010

0000001000000001

0101111000101101

0001101100101011

0101001000110111

0010111001011001

0001101000001011

0011001100111101

0000010100110011

0100100000011110

0010100000101010

0001010100100111

0101111100111011

0001011100111011

0110001100000101

0011011100110010

0101100100001100

0001010100000100

0011011100000100

0011110000101100

0010011001011010

0010010001011111

0011011100110010

0110000000011110

0011111100000110

0011001000101001

0010010100001010

0011101100100110

0001100001000011

0010010000000101

0110000100110011

0101000100010100

0000000100001101

0100101101001001

0010111100100100

0011001100111110

0100011000010011

0100110000110000

0100110001000100

0000100000111110

0010110100110000

0000010001011000

0010101101010111

0010110000101101

0011100001011010

0000011000110011

0000010101011001

0110001000011000

0000011000110101

0011101100111010

0100011000111010

0011111100101000

0000001001011010

0010100000000010

0001001001001101

0100111101011110

0001000100100110

0001000000101100

0100111101000001

0001011000111110

0110001100101001

0000110001100000

0100101000101000

0101100100110000

0100001101010101

0100111000101110

0011010000011001

0001010000111000

0001011101011001

0100001000000111

0001001100000011

0001010000101111

0000100101100000

0101101101010000

0100111101011000

0101101001001011

0101110100110100

0100100000001001

0101100001000010

0000111101010000

0110000100001000

0000010001010010

0101001000110100

0010011001100000

0110001000110000

0011001100100101

0010000101100100

0010101000111011

0000100101100100

0100001000111110

0011010000010111

0000111001001101

0100101100000001

0001010100011100

0100010000110111

0100110100000110

0101000101010100

0001010101001111

0101010000101100

0100101100100010
